0111010101110101110101011111011101110111011111111111010111111101110111011111010111111101010111110111
0101010101010101010101010101010101010101010101010101010101010101010101010101010101010101010101010101
0101110101111101010101110111011101011111111101010111110111011101011111011101111101110101111101111111
0101000101000001010100010100000101010001000001010100010100000101000100010001000000010101010001010000
0101010101111101011111110111010111111101010111010111011101111111011111011111010101111111010111011111
0101010101000001010000010001010100000100010100010100000001000000010000010101010101000000000100010000
0101111101110111011111010101011111010101011111111111110111111101011101110101111111110111111111011111
0101000001000100010000000101010000010001010100000100000100000001010101000000000000000101000001000101
0111011111111111110101110111111101111111010101110111110111011101110101110111111101110101111101010111
0100000001000101000101000100000000010000010001000001000100010001010001000100000001000001000100010001
0111010111110101011111011101111101010101011111111101010111011101010101110101010111110111110111111111
0100010100000000010000010001000101010101010001010000010100010001000101000101010100000100000001000000
0111110111111111011101110101110101111111111101010111111111111111110111111101010111111111110101110111
0101000100000000010001000101000000010001010001010000010000000000010101010001010100000100000100000100
0201010111010101011111110111111101111101011101011111111111110111011101011111111111110101110111111111
0100010100010101010000000100000001000001000100010101010000010100000000010100000000000001000100010000
0111111111111111111101111111111111110101011111010101011101011111110101010111111111111111111111011131
0001010101000001010001000000010001000100000001000001010001000001010101000100010100000001000101000101
0111010101111101011111111111010111111111111101011111011111111101011111110111010111111101110101110111
0000000000000000000000000000000000000000000000000000000000000000000000000000000000000000000000000000
