0000000000000000000000000000000000000000000000000000000000000000000000000000000000000000000000000000
0101010101010111110101111111110111011111011111011111111101011101110111111111011111011111111111110131
0101010101010101000101000000000100010000000100000100000001010001000100000000000100010000000000010100
0111010111011101111111110101111111111111010101011111010101011111010111011111011101111111111111011111
0100010100000101010101010101000000000101010101000100010101010000010100010100010000010000000101000100
0101010111011101010101010101110101010101010101111111111101110101111111110111110101111111011101010111
0101010100000101010100010101000101010000010101000101000000010101000000010000000100010001000001010000
0101011111011101010111011111110111111111011101010101011111110111111101010101010111111101011111111111
0101000100010000000000010000000100000000010001010100010000010100010001000101010100000000010000010000
0111110101111111111111011101010101010111011111110111111111011111011101010101111111111111010111110111
0001000100010001000000000001010101010100010000000101010001000000010001010101010101000101010100010101
0101010101010101011111111101011101011101110111011101010111111101011111011111010101011101010111011111
0101010101010100010000010001010101010101010100000001000000000101000000010000000000000100000000010101
0111111111111111111101010111110101110111011111010101011101110111111101011101111111010101111111010111
0001000101010101000101000100000001000100010000010100010001000000000001010001000100010001000101010101
0211110101010101110111111111111111010111011101111111111101110101111111111111110111111111011101010111
0100000101010000000101010101000000010001010101010001000101000101000100000100010100000000000100010101
0111110101011111110101010101111111111101010111011101110111111111011111110111010111111111011101110111
0101010101010101010101010101010101010101010101010101010101010101010101010101010101010101010101010101
0111111111110101110111111111111101011111111111111101010111110111010111010101110101011111111111111111
